# ------------------------------------------------------------------------
# Radiance spectrum
# NASA-GSFC Planetary Spectrum Generator (PSG) (Villanueva et al. 2018, 2022)
# Synthesized on Sun Apr 23 02:58:32 2023
# Doppler velocities [km/s] (vobs,vrot+vorb,vwidth,vrfl,vstr): 0.00000,0.00000,0.00000,0.00000,0.00000
# ------------------------------------------------------------------------
# Spectra synthesized with the Planetary and Universal Model of Atmospheric Scattering (PUMAS, Villanueva et al. 2018, 2022)
# Muliple scattering method employing PSGDORT, NMAX:1 / LMAX:41 / gMAX:0.84
# ------------------------------------------------------------------------
# Spectral unit: Wavelength [um]
# Radiance unit: I/F [apparent albedo]
# Wave/freq Total Noise Stellar Earth
5.150000000e-01  1.0053943e-01  1.39813e-02  5.51360e-02  1.00539e-01
5.186785714e-01  1.0022016e-01  1.45444e-02  5.51360e-02  1.00220e-01
5.223834184e-01  9.9677631e-02  1.37251e-02  5.51360e-02  9.96776e-02
5.261147285e-01  9.8845109e-02  1.38696e-02  5.51360e-02  9.88451e-02
5.298726908e-01  9.8325897e-02  1.32365e-02  5.51360e-02  9.83259e-02
5.336574958e-01  9.8173973e-02  1.35664e-02  5.51360e-02  9.81740e-02
5.374693350e-01  9.7948129e-02  1.31589e-02  5.51360e-02  9.79481e-02
5.413084017e-01  9.4856256e-02  1.32598e-02  5.51360e-02  9.48563e-02
5.451748903e-01  9.4563161e-02  1.29471e-02  5.51360e-02  9.45632e-02
5.490689967e-01  9.6322004e-02  1.31179e-02  5.51360e-02  9.63220e-02
5.529909181e-01  9.6951049e-02  1.29938e-02  5.51360e-02  9.69510e-02
5.569408532e-01  9.6685051e-02  1.30801e-02  5.51360e-02  9.66851e-02
5.609190021e-01  9.6000463e-02  1.29942e-02  5.51360e-02  9.60005e-02
5.649255664e-01  9.4990278e-02  1.28988e-02  5.51360e-02  9.49903e-02
5.689607491e-01  8.8054131e-02  1.25560e-02  5.51360e-02  8.80541e-02
5.730247544e-01  8.6626790e-02  1.23329e-02  5.51360e-02  8.66268e-02
5.771177884e-01  8.6735645e-02  1.24108e-02  5.51360e-02  8.67356e-02
5.812400583e-01  9.0527266e-02  1.24500e-02  5.51360e-02  9.05273e-02
5.853917730e-01  9.1200191e-02  1.25013e-02  5.51360e-02  9.12002e-02
5.895731428e-01  6.9979619e-02  1.18567e-02  5.51360e-02  6.99796e-02
5.937843795e-01  7.3631927e-02  1.17993e-02  5.51360e-02  7.36319e-02
5.980256965e-01  8.2223480e-02  1.21097e-02  5.51360e-02  8.22235e-02
6.022973086e-01  9.1848820e-02  1.25556e-02  5.51360e-02  9.18488e-02
6.065994323e-01  9.3405031e-02  1.25324e-02  5.51360e-02  9.34050e-02
6.109322854e-01  9.3275847e-02  1.26692e-02  5.51360e-02  9.32758e-02
6.152960874e-01  9.2784506e-02  1.28677e-02  5.51360e-02  9.27845e-02
6.196910595e-01  9.1835725e-02  1.25612e-02  5.51360e-02  9.18357e-02
6.241174242e-01  8.9843556e-02  1.26698e-02  5.51360e-02  8.98436e-02
6.285754058e-01  8.1148460e-02  1.21660e-02  5.51360e-02  8.11485e-02
6.330652301e-01  8.4818476e-02  1.24093e-02  5.51360e-02  8.48185e-02
6.375871246e-01  8.8170949e-02  1.25444e-02  5.51360e-02  8.81709e-02
6.421413183e-01  8.8854006e-02  1.26657e-02  5.51360e-02  8.88540e-02
6.467280420e-01  7.4744815e-02  1.20992e-02  5.51360e-02  7.47448e-02
6.513475281e-01  7.8334316e-02  1.23320e-02  5.51360e-02  7.83343e-02
6.560000104e-01  7.9277629e-02  1.27082e-02  5.51360e-02  7.92776e-02
6.606857248e-01  8.7824888e-02  1.27169e-02  5.51360e-02  8.78249e-02
6.654049085e-01  8.9971785e-02  1.28738e-02  5.51360e-02  8.99718e-02
6.701578007e-01  9.0838441e-02  1.29590e-02  5.51360e-02  9.08384e-02
6.749446422e-01  9.0748626e-02  1.30011e-02  5.51360e-02  9.07486e-02
6.797656753e-01  9.0194050e-02  1.30549e-02  5.51360e-02  9.01941e-02
6.846211444e-01  8.7715134e-02  1.30524e-02  5.51360e-02  8.77151e-02
6.895112954e-01  6.5686193e-02  1.21566e-02  5.51360e-02  6.56862e-02
6.944363761e-01  6.2046489e-02  1.20895e-02  5.51360e-02  6.20465e-02
6.993966360e-01  6.5381444e-02  1.23490e-02  5.51360e-02  6.53814e-02
7.043923262e-01  6.8721495e-02  1.25394e-02  5.51360e-02  6.87215e-02
7.094237000e-01  7.4009256e-02  1.28492e-02  5.51360e-02  7.40093e-02
7.144910121e-01  6.7866634e-02  1.27439e-02  5.51360e-02  6.78666e-02
7.195945193e-01  3.4280268e-02  1.13086e-02  5.51360e-02  3.42803e-02
7.247344802e-01  3.5948043e-02  1.13935e-02  5.51360e-02  3.59480e-02
7.299111551e-01  3.7081679e-02  1.15953e-02  5.51360e-02  3.70817e-02
7.351248062e-01  6.1738511e-02  1.27930e-02  5.51360e-02  6.17385e-02
7.403756976e-01  7.6518626e-02  1.36943e-02  5.51360e-02  7.65186e-02
7.456640955e-01  8.6094576e-02  1.40836e-02  5.51360e-02  8.60946e-02
7.509902676e-01  8.7652625e-02  1.42844e-02  5.51360e-02  8.76526e-02
7.563544838e-01  8.6772171e-02  1.43302e-02  5.51360e-02  8.67722e-02
7.617570158e-01  1.9340987e-02  1.11968e-02  5.51360e-02  1.93410e-02
7.671981374e-01  6.6006997e-02  1.37311e-02  5.51360e-02  6.60070e-02
7.726781241e-01  8.6899489e-02  1.48197e-02  5.51360e-02  8.68995e-02
7.781972535e-01  8.7914669e-02  1.49005e-02  5.51360e-02  8.79147e-02
7.837558053e-01  8.5551950e-02  1.49929e-02  5.51360e-02  8.55520e-02
7.893540611e-01  7.0065703e-02  1.44360e-02  5.51360e-02  7.00657e-02
7.949923044e-01  7.3142962e-02  1.48282e-02  5.51360e-02  7.31430e-02
8.006708208e-01  6.4238275e-02  1.44586e-02  5.51360e-02  6.42383e-02
8.063898981e-01  7.0749756e-02  1.48791e-02  5.51360e-02  7.07498e-02
8.121498260e-01  4.6253311e-02  1.36982e-02  5.51360e-02  4.62533e-02
8.179508961e-01  3.0587503e-02  1.30113e-02  5.51360e-02  3.05875e-02
8.237934025e-01  4.1755429e-02  1.36841e-02  5.51360e-02  4.17554e-02
8.296776411e-01  4.2182015e-02  1.37224e-02  5.51360e-02  4.21820e-02
8.356039100e-01  5.7770410e-02  1.46667e-02  5.51360e-02  5.77704e-02
8.415725094e-01  7.2298380e-02  1.54560e-02  5.51360e-02  7.22984e-02
8.475837416e-01  8.0552383e-02  1.58584e-02  5.51360e-02  8.05524e-02
8.536379112e-01  8.0647576e-02  1.59966e-02  5.51360e-02  8.06476e-02
8.597353248e-01  8.5000778e-02  1.55242e-02  5.51360e-02  8.50008e-02
8.658762914e-01  8.6658727e-02  1.57656e-02  5.51360e-02  8.66587e-02
8.720611221e-01  8.6583104e-02  1.52368e-02  5.51360e-02  8.65831e-02
8.782901301e-01  8.4945742e-02  1.50173e-02  5.51360e-02  8.49457e-02
8.845636310e-01  8.0521673e-02  1.46624e-02  5.51360e-02  8.05217e-02
8.908819427e-01  7.3930998e-02  1.40991e-02  5.51360e-02  7.39310e-02
8.972453851e-01  2.7464067e-02  1.18688e-02  5.51360e-02  2.74641e-02
9.036542807e-01  3.4175267e-02  1.21354e-02  5.51360e-02  3.41753e-02
9.101089541e-01  2.2385154e-02  1.14147e-02  5.51360e-02  2.23852e-02
9.166097324e-01  2.1149832e-02  1.11502e-02  5.51360e-02  2.11498e-02
9.231569448e-01  2.9724770e-02  1.16091e-02  5.51360e-02  2.97248e-02
9.297509229e-01  6.1398661e-03  1.01744e-02  5.51360e-02  6.13987e-03
9.363920010e-01  1.8925942e-03  9.85911e-03  5.51360e-02  1.89259e-03
9.430805153e-01  2.3132797e-03  9.86446e-03  5.51360e-02  2.31328e-03
9.498168046e-01  2.3731487e-03  9.67073e-03  5.51360e-02  2.37315e-03
9.566012104e-01  4.7171734e-03  9.77116e-03  5.51360e-02  4.71717e-03
9.634340762e-01  8.3634901e-03  9.81985e-03  5.51360e-02  8.36349e-03
9.703157482e-01  2.9860087e-02  1.06288e-02  5.51360e-02  2.98601e-02
9.772465749e-01  2.6380129e-02  1.04080e-02  5.51360e-02  2.63801e-02
9.842269076e-01  4.8394033e-02  1.11494e-02  5.51360e-02  4.83940e-02
9.912570998e-01  6.8815355e-02  1.17862e-02  5.51360e-02  6.88154e-02
9.983375077e-01  7.7891936e-02  1.20223e-02  5.51360e-02  7.78919e-02
