# ------------------------------------------------------------------------
# Radiance spectrum
# NASA-GSFC Planetary Spectrum Generator (PSG) (Villanueva et al. 2018, 2022)
# Synthesized on Sun Apr 23 02:56:53 2023
# Doppler velocities [km/s] (vobs,vrot+vorb,vwidth,vrfl,vstr): 0.00000,0.00000,0.00000,0.00000,0.00000
# ------------------------------------------------------------------------
# Spectra synthesized with the Planetary and Universal Model of Atmospheric Scattering (PUMAS, Villanueva et al. 2018, 2022)
# Muliple scattering method employing PSGDORT, NMAX:1 / LMAX:41 / gMAX:0.84
# ------------------------------------------------------------------------
# Spectral unit: Wavelength [um]
# Radiance unit: I/F [apparent albedo]
# Wave/freq Total Noise Stellar Earth
5.150000000e-01  9.1971947e-02  1.36229e-02  5.51360e-02  9.19719e-02
5.186785714e-01  9.1270989e-02  1.41548e-02  5.51360e-02  9.12710e-02
5.223834184e-01  9.0157287e-02  1.33321e-02  5.51360e-02  9.01573e-02
5.261147285e-01  8.8339470e-02  1.34290e-02  5.51360e-02  8.83395e-02
5.298726908e-01  8.6845414e-02  1.27747e-02  5.51360e-02  8.68454e-02
5.336574958e-01  8.6107792e-02  1.30689e-02  5.51360e-02  8.61078e-02
5.374693350e-01  8.5532063e-02  1.26615e-02  5.51360e-02  8.55321e-02
5.413084017e-01  8.2107851e-02  1.27358e-02  5.51360e-02  8.21079e-02
5.451748903e-01  8.1149219e-02  1.24074e-02  5.51360e-02  8.11492e-02
5.490689967e-01  8.2355808e-02  1.25550e-02  5.51360e-02  8.23558e-02
5.529909181e-01  8.2582369e-02  1.24225e-02  5.51360e-02  8.25824e-02
5.569408532e-01  8.1743715e-02  1.24813e-02  5.51360e-02  8.17437e-02
5.609190021e-01  8.0179879e-02  1.23613e-02  5.51360e-02  8.01799e-02
5.649255664e-01  7.8747623e-02  1.22500e-02  5.51360e-02  7.87476e-02
5.689607491e-01  7.3132167e-02  1.19518e-02  5.51360e-02  7.31322e-02
5.730247544e-01  7.3221165e-02  1.17966e-02  5.51360e-02  7.32212e-02
5.771177884e-01  7.4809167e-02  1.19329e-02  5.51360e-02  7.48092e-02
5.812400583e-01  7.6537097e-02  1.18997e-02  5.51360e-02  7.65371e-02
5.853917730e-01  7.5239496e-02  1.18725e-02  5.51360e-02  7.52395e-02
5.895731428e-01  5.6484100e-02  1.12783e-02  5.51360e-02  5.64841e-02
5.937843795e-01  5.9006483e-02  1.11908e-02  5.51360e-02  5.90065e-02
5.980256965e-01  6.5233840e-02  1.14238e-02  5.51360e-02  6.52338e-02
6.022973086e-01  7.2736599e-02  1.18024e-02  5.51360e-02  7.27366e-02
6.065994323e-01  7.4616827e-02  1.18018e-02  5.51360e-02  7.46168e-02
6.109322854e-01  7.5799870e-02  1.19842e-02  5.51360e-02  7.57999e-02
6.152960874e-01  7.6793493e-02  1.22318e-02  5.51360e-02  7.67935e-02
6.196910595e-01  7.7488823e-02  1.20030e-02  5.51360e-02  7.74888e-02
6.241174242e-01  7.7720245e-02  1.21906e-02  5.51360e-02  7.77202e-02
6.285754058e-01  7.4662072e-02  1.19085e-02  5.51360e-02  7.46621e-02
6.330652301e-01  7.5972538e-02  1.20587e-02  5.51360e-02  7.59725e-02
6.375871246e-01  7.7873935e-02  1.21402e-02  5.51360e-02  7.78739e-02
6.421413183e-01  7.8297622e-02  1.22496e-02  5.51360e-02  7.82976e-02
6.467280420e-01  6.5708667e-02  1.17278e-02  5.51360e-02  6.57087e-02
6.513475281e-01  6.9556377e-02  1.19739e-02  5.51360e-02  6.95564e-02
6.560000104e-01  7.0998793e-02  1.23634e-02  5.51360e-02  7.09988e-02
6.606857248e-01  7.9600675e-02  1.23926e-02  5.51360e-02  7.96007e-02
6.654049085e-01  8.2277405e-02  1.25715e-02  5.51360e-02  8.22774e-02
6.701578007e-01  8.3835883e-02  1.26843e-02  5.51360e-02  8.38359e-02
6.749446422e-01  8.4405239e-02  1.27520e-02  5.51360e-02  8.44052e-02
6.797656753e-01  8.4431730e-02  1.28275e-02  5.51360e-02  8.44317e-02
6.846211444e-01  8.3447256e-02  1.28822e-02  5.51360e-02  8.34473e-02
6.895112954e-01  8.2458628e-02  1.28501e-02  5.51360e-02  8.24586e-02
6.944363761e-01  5.8434145e-02  1.19321e-02  5.51360e-02  5.84341e-02
6.993966360e-01  6.1866991e-02  1.21966e-02  5.51360e-02  6.18670e-02
7.043923262e-01  6.5360266e-02  1.23951e-02  5.51360e-02  6.53603e-02
7.094237000e-01  7.0717676e-02  1.27098e-02  5.51360e-02  7.07177e-02
7.144910121e-01  6.4787720e-02  1.26095e-02  5.51360e-02  6.47877e-02
7.195945193e-01  3.2011480e-02  1.11950e-02  5.51360e-02  3.20115e-02
7.247344802e-01  3.3798465e-02  1.12869e-02  5.51360e-02  3.37985e-02
7.299111551e-01  3.5033040e-02  1.14933e-02  5.51360e-02  3.50330e-02
7.351248062e-01  5.9523535e-02  1.26928e-02  5.51360e-02  5.95235e-02
7.403756976e-01  7.4369051e-02  1.36003e-02  5.51360e-02  7.43691e-02
7.456640955e-01  8.4062628e-02  1.39976e-02  5.51360e-02  8.40626e-02
7.509902676e-01  8.6107712e-02  1.42189e-02  5.51360e-02  8.61077e-02
7.563544838e-01  8.6753221e-02  1.43294e-02  5.51360e-02  8.67532e-02
7.617570158e-01  8.6997335e-02  1.44564e-02  5.51360e-02  8.69973e-02
7.671981374e-01  8.7040355e-02  1.46709e-02  5.51360e-02  8.70404e-02
7.726781241e-01  8.6823350e-02  1.48164e-02  5.51360e-02  8.68234e-02
7.781972535e-01  8.6263719e-02  1.48286e-02  5.51360e-02  8.62637e-02
7.837558053e-01  8.3986532e-02  1.49235e-02  5.51360e-02  8.39865e-02
7.893540611e-01  6.8637858e-02  1.43691e-02  5.51360e-02  6.86379e-02
7.949923044e-01  7.1871819e-02  1.47684e-02  5.51360e-02  7.18718e-02
8.006708208e-01  6.2942692e-02  1.43959e-02  5.51360e-02  6.29427e-02
8.063898981e-01  6.9483899e-02  1.48188e-02  5.51360e-02  6.94839e-02
8.121498260e-01  4.4856247e-02  1.36258e-02  5.51360e-02  4.48562e-02
8.179508961e-01  2.9262623e-02  1.29377e-02  5.51360e-02  2.92626e-02
8.237934025e-01  4.0493129e-02  1.36170e-02  5.51360e-02  4.04931e-02
8.296776411e-01  4.1005837e-02  1.36601e-02  5.51360e-02  4.10058e-02
8.356039100e-01  5.6729893e-02  1.46143e-02  5.51360e-02  5.67299e-02
8.415725094e-01  7.1387483e-02  1.54122e-02  5.51360e-02  7.13875e-02
8.475837416e-01  7.9682187e-02  1.58177e-02  5.51360e-02  7.96822e-02
8.536379112e-01  7.9634656e-02  1.59490e-02  5.51360e-02  7.96347e-02
8.597353248e-01  8.4192505e-02  1.54882e-02  5.51360e-02  8.41925e-02
8.658762914e-01  8.6120965e-02  1.57417e-02  5.51360e-02  8.61210e-02
8.720611221e-01  8.6078348e-02  1.52151e-02  5.51360e-02  8.60783e-02
8.782901301e-01  8.4426782e-02  1.49951e-02  5.51360e-02  8.44268e-02
8.845636310e-01  7.9913293e-02  1.46364e-02  5.51360e-02  7.99133e-02
8.908819427e-01  7.3284021e-02  1.40716e-02  5.51360e-02  7.32840e-02
8.972453851e-01  2.6632643e-02  1.18275e-02  5.51360e-02  2.66326e-02
9.036542807e-01  3.3299091e-02  1.20935e-02  5.51360e-02  3.32991e-02
9.101089541e-01  2.1628643e-02  1.13773e-02  5.51360e-02  2.16286e-02
9.166097324e-01  2.0434096e-02  1.11154e-02  5.51360e-02  2.04341e-02
9.231569448e-01  2.9004319e-02  1.15753e-02  5.51360e-02  2.90043e-02
9.297509229e-01  5.6598179e-03  1.01501e-02  5.51360e-02  5.65982e-03
9.363920010e-01  1.5988388e-03  9.84416e-03  5.51360e-02  1.59884e-03
9.430805153e-01  1.9683075e-03  9.84708e-03  5.51360e-02  1.96831e-03
9.498168046e-01  2.0352024e-03  9.65411e-03  5.51360e-02  2.03520e-03
9.566012104e-01  4.2632141e-03  9.74925e-03  5.51360e-02  4.26321e-03
9.634340762e-01  7.8222030e-03  9.79463e-03  5.51360e-02  7.82220e-03
9.703157482e-01  2.9067165e-02  1.05957e-02  5.51360e-02  2.90672e-02
9.772465749e-01  2.5628348e-02  1.03765e-02  5.51360e-02  2.56283e-02
9.842269076e-01  4.7683723e-02  1.11225e-02  5.51360e-02  4.76837e-02
9.912570998e-01  6.8235083e-02  1.17659e-02  5.51360e-02  6.82351e-02
9.983375077e-01  7.7487819e-02  1.20087e-02  5.51360e-02  7.74878e-02
