# ------------------------------------------------------------------------
# Radiance spectrum
# NASA-GSFC Planetary Spectrum Generator (PSG) (Villanueva et al. 2018, 2022)
# Synthesized on Sun Apr 23 02:56:29 2023
# Doppler velocities [km/s] (vobs,vrot+vorb,vwidth,vrfl,vstr): 0.00000,0.00000,0.00000,0.00000,0.00000
# ------------------------------------------------------------------------
# Spectra synthesized with the Planetary and Universal Model of Atmospheric Scattering (PUMAS, Villanueva et al. 2018, 2022)
# Muliple scattering method employing PSGDORT, NMAX:1 / LMAX:41 / gMAX:0.84
# ------------------------------------------------------------------------
# Spectral unit: Wavelength [um]
# Radiance unit: I/F [apparent albedo]
# Wave/freq Total Noise Stellar Earth
1.010000000e+00  7.7892550e-02  1.07592e-02  5.51360e-02  7.78925e-02
1.024428571e+00  8.0935135e-02  1.08333e-02  5.51360e-02  8.09351e-02
1.039063265e+00  8.4994654e-02  1.09097e-02  5.51360e-02  8.49947e-02
1.053907026e+00  8.4927758e-02  1.08650e-02  5.51360e-02  8.49278e-02
1.068962841e+00  7.9360160e-02  1.08090e-02  5.51360e-02  7.93602e-02
1.084233739e+00  6.2188790e-02  1.05103e-02  5.51360e-02  6.21888e-02
1.099722792e+00  2.5624072e-02  9.83714e-03  5.51360e-02  2.56241e-02
1.115433118e+00  2.3147802e-03  9.22887e-03  5.51360e-02  2.31478e-03
1.131367876e+00  7.1453432e-04  9.22067e-03  5.51360e-02  7.14534e-04
1.147530275e+00  8.8587880e-04  9.15989e-03  5.51381e-02  8.85879e-04
1.163923564e+00  1.4960706e-02  9.46825e-03  5.51533e-02  1.49607e-02
1.180551044e+00  2.8650792e-02  9.75262e-03  5.51688e-02  2.86508e-02
1.197416059e+00  3.3531914e-02  9.83407e-03  5.51844e-02  3.35319e-02
1.214522002e+00  4.8325933e-02  1.00607e-02  5.52003e-02  4.83259e-02
1.231872317e+00  7.1531264e-02  1.04492e-02  5.52165e-02  7.15313e-02
1.249470493e+00  8.2876364e-02  1.06649e-02  5.52328e-02  8.28764e-02
1.267320071e+00  8.0225496e-02  1.06325e-02  5.52495e-02  8.02255e-02
1.285424644e+00  6.6673941e-02  1.05217e-02  5.52663e-02  6.66739e-02
1.303787853e+00  3.3490928e-02  9.81916e-03  5.52835e-02  3.34909e-02
1.322413394e+00  7.3521151e-03  9.34718e-03  5.53008e-02  7.35212e-03
1.341305013e+00  4.4506688e-04  9.21365e-03  5.53185e-02  4.45067e-04
1.360466514e+00  1.8070492e-04  9.25536e-03  5.53364e-02  1.80705e-04
1.379901750e+00  1.7498944e-04  9.26039e-03  5.53545e-02  1.74989e-04
1.399614632e+00  1.7805482e-04  9.29347e-03  5.53730e-02  1.78055e-04
1.419609126e+00  2.1000891e-04  9.41386e-03  5.53917e-02  2.10009e-04
1.439889257e+00  2.2238806e-04  9.44251e-03  5.54107e-02  2.22388e-04
1.460459103e+00  2.7699508e-04  9.51144e-03  5.54299e-02  2.76995e-04
1.481322805e+00  1.0936661e-03  9.63476e-03  5.54495e-02  1.09367e-03
1.502484559e+00  2.2109632e-02  1.00885e-02  5.54694e-02  2.21096e-02
1.523948624e+00  5.1628739e-02  1.06587e-02  5.54895e-02  5.16287e-02
1.545719319e+00  7.1888373e-02  1.11189e-02  5.55100e-02  7.18884e-02
1.567801024e+00  7.0010396e-02  1.13097e-02  5.55308e-02  7.00104e-02
1.590198181e+00  7.6732146e-02  1.16267e-02  5.55518e-02  7.67321e-02
1.612915298e+00  7.5928572e-02  1.17503e-02  5.56088e-02  7.59286e-02
1.635956945e+00  7.8143985e-02  1.20304e-02  5.57858e-02  7.81440e-02
1.659327758e+00  7.3193995e-02  1.21943e-02  5.59664e-02  7.31940e-02
1.683032441e+00  7.1568615e-02  1.27284e-02  5.61509e-02  7.15686e-02
1.707075761e+00  6.0429888e-02  1.29327e-02  5.63392e-02  6.04299e-02
1.731462558e+00  4.1010424e-02  1.34909e-02  5.65315e-02  4.10104e-02
1.756197737e+00  2.0938110e-02  1.38106e-02  5.67278e-02  2.09381e-02
1.781286276e+00  2.6307847e-03  1.45587e-02  5.69284e-02  2.63078e-03
1.806733223e+00  8.4922907e-05  1.61021e-02  5.71333e-02  8.49229e-05
1.832543698e+00  5.5813949e-05  1.78990e-02  5.73427e-02  5.58139e-05
1.858722894e+00  5.3212976e-05  2.03643e-02  5.75566e-02  5.32130e-05
1.885276078e+00  5.3452894e-05  2.40177e-02  5.77752e-02  5.34529e-05
1.912208593e+00  5.1527756e-05  2.72733e-02  5.79986e-02  5.15278e-05
1.939525859e+00  6.3424942e-05  3.30365e-02  5.82270e-02  6.34249e-05
1.967233371e+00  2.0139972e-03  3.85730e-02  5.84604e-02  2.01400e-03
1.995336705e+00  9.5608811e-03  4.60842e-02  5.86991e-02  9.56088e-03
