<OBJECT>Planet
<OBJECT-NAME>Earth
<OBJECT-DATE>2020/04/08 01:32
<OBJECT-DIAMETER>12742
<OBJECT-GRAVITY>9.807
<OBJECT-GRAVITY-UNIT>g
<OBJECT-STAR-DISTANCE>1.00
<OBJECT-STAR-VELOCITY>0.0
<OBJECT-SOLAR-LONGITUDE>0.0
<OBJECT-SOLAR-LATITUDE>0.0
<OBJECT-SEASON>0.00
<OBJECT-STAR-TYPE>G
<OBJECT-STAR-TEMPERATURE>5778
<OBJECT-STAR-RADIUS>1.00
<OBJECT-OBS-LONGITUDE>0.00
<OBJECT-OBS-LATITUDE>0.00
<OBJECT-OBS-VELOCITY>0.0
<OBJECT-PERIOD>1.000
<OBJECT-STAR-METALLICITY>0.390
<OBJECT-INCLINATION>0.000
<OBJECT-ECCENTRICITY>0.00000
<OBJECT-PERIAPSIS>0.00
<GEOMETRY>Observatory
<GEOMETRY-OFFSET-NS>0.0
<GEOMETRY-OFFSET-EW>0.0
<GEOMETRY-OFFSET-UNIT>arcsec
<GEOMETRY-OBS-ALTITUDE>5.00
<GEOMETRY-ALTITUDE-UNIT>pc
<GEOMETRY-USER-PARAM>0.0
<GEOMETRY-STELLAR-TYPE>G
<GEOMETRY-STELLAR-TEMPERATURE>5777
<GEOMETRY-STELLAR-MAGNITUDE>0
<GEOMETRY-SOLAR-ANGLE>1.473
<GEOMETRY-OBS-ANGLE>1.473
<GEOMETRY-PLANET-FRACTION>3.718e-04
<GEOMETRY-STAR-DISTANCE>-1.000000e+00
<GEOMETRY-STAR-FRACTION>0.000000e+00
<GEOMETRY-REF>User
<GEOMETRY-DISK-ANGLES>1
<GEOMETRY-ROTATION>-0.00,0.00
<GEOMETRY-AZIMUTH>0.000
<GEOMETRY-BRDFSCALER>1.000
<OBJECT-STAR-LONGITUDE>0.00
<OBJECT-STAR-LATITUDE>0.00
<ATMOSPHERE-DESCRIPTION>Earth at 0 m, NASA/MERRA2 2020/04/08
<ATMOSPHERE-STRUCTURE>Equilibrium
<ATMOSPHERE-WEIGHT>28.97
<ATMOSPHERE-PRESSURE>1.0028e+00
<ATMOSPHERE-PUNIT>bar
<ATMOSPHERE-NGAS>8
<ATMOSPHERE-GAS>H2O,CO2,O3,N2O,CO,CH4,O2,N2
<ATMOSPHERE-TYPE>HIT[1],HIT[2],HIT[3],HIT[4],HIT[5],HIT[6],HIT[7],HIT[22]
<ATMOSPHERE-ABUN>1,1,1,1,1,1,1,1
<ATMOSPHERE-UNIT>scl,scl,scl,scl,scl,scl,scl,scl
<ATMOSPHERE-LAYERS-MOLECULES>H2O,CO2,O3,N2O,CO,CH4,O2,NO,SO2,NO2,NH3,HNO3,OH,HF,HCl,HBr,HI,ClO,OCS,H2CO,HOCl,N2,HCN,CH3Cl,H2O2,C2H2,C2H6,PH3
<ATMOSPHERE-LAYERS>72
<ATMOSPHERE-LAYER-1>1.00e+00,3.01e+02,3.12e-02,3.80e-04,2.01e-08,3.20e-07,1.50e-07,1.70e-06,2.09e-01,3.00e-10,2.98e-10,2.30e-11,5.00e-10,5.09e-11,0.00e+00,0.00e+00,9.76e-10,1.70e-12,3.00e-12,0.00e+00,5.99e-10,2.27e-09,7.97e-12,7.81e-01,1.70e-10,6.97e-10,2.00e-10,2.88e-10,2.00e-09,0.00e+00
<ATMOSPHERE-LAYER-2>9.88e-01,2.99e+02,3.08e-02,3.80e-04,2.02e-08,3.20e-07,1.49e-07,1.70e-06,2.09e-01,3.00e-10,2.94e-10,2.30e-11,5.00e-10,5.22e-11,0.00e+00,0.00e+00,9.41e-10,1.70e-12,3.00e-12,0.00e+00,5.98e-10,2.09e-09,8.37e-12,7.81e-01,1.69e-10,6.93e-10,1.99e-10,2.70e-10,2.00e-09,0.00e+00
<ATMOSPHERE-LAYER-3>9.72e-01,2.98e+02,3.04e-02,3.80e-04,2.03e-08,3.20e-07,1.48e-07,1.70e-06,2.09e-01,3.00e-10,2.90e-10,2.30e-11,5.00e-10,5.36e-11,0.00e+00,0.00e+00,9.06e-10,1.70e-12,3.00e-12,0.00e+00,5.96e-10,1.90e-09,8.78e-12,7.81e-01,1.68e-10,6.89e-10,1.98e-10,2.52e-10,2.00e-09,0.00e+00
<ATMOSPHERE-LAYER-4>9.57e-01,2.97e+02,2.98e-02,3.80e-04,2.05e-08,3.20e-07,1.47e-07,1.70e-06,2.09e-01,3.00e-10,2.87e-10,2.30e-11,5.00e-10,5.49e-11,0.00e+00,0.00e+00,8.71e-10,1.70e-12,3.00e-12,0.00e+00,5.95e-10,1.72e-09,9.18e-12,7.81e-01,1.67e-10,6.85e-10,1.97e-10,2.34e-10,2.00e-09,0.00e+00
<ATMOSPHERE-LAYER-5>9.42e-01,2.96e+02,2.85e-02,3.80e-04,2.11e-08,3.20e-07,1.47e-07,1.70e-06,2.09e-01,3.00e-10,2.83e-10,2.30e-11,5.00e-10,5.63e-11,0.00e+00,0.00e+00,8.36e-10,1.70e-12,3.00e-12,0.00e+00,5.93e-10,1.53e-09,9.59e-12,7.81e-01,1.67e-10,6.80e-10,1.97e-10,2.16e-10,2.00e-09,0.00e+00
<ATMOSPHERE-LAYER-6>9.27e-01,2.96e+02,2.69e-02,3.80e-04,2.21e-08,3.20e-07,1.46e-07,1.70e-06,2.09e-01,3.00e-10,2.79e-10,2.30e-11,5.00e-10,5.76e-11,0.00e+00,0.00e+00,8.01e-10,1.70e-12,3.00e-12,0.00e+00,5.92e-10,1.35e-09,9.99e-12,7.81e-01,1.66e-10,6.76e-10,1.96e-10,1.99e-10,2.00e-09,0.00e+00
<ATMOSPHERE-LAYER-7>9.12e-01,2.95e+02,2.38e-02,3.80e-04,2.43e-08,3.20e-07,1.45e-07,1.70e-06,2.09e-01,3.00e-10,2.76e-10,2.30e-11,5.00e-10,5.89e-11,0.00e+00,0.00e+00,7.67e-10,1.70e-12,3.00e-12,0.00e+00,5.91e-10,1.17e-09,1.04e-11,7.81e-01,1.65e-10,6.72e-10,1.95e-10,1.81e-10,2.00e-09,0.00e+00
<ATMOSPHERE-LAYER-8>8.96e-01,2.94e+02,2.15e-02,3.80e-04,2.63e-08,3.20e-07,1.45e-07,1.70e-06,2.09e-01,3.00e-10,2.71e-10,2.30e-11,4.97e-10,6.03e-11,0.00e+00,0.00e+00,7.34e-10,1.70e-12,3.00e-12,0.00e+00,5.89e-10,1.02e-09,1.07e-11,7.81e-01,1.65e-10,6.68e-10,1.95e-10,1.66e-10,2.00e-09,0.00e+00
<ATMOSPHERE-LAYER-9>8.81e-01,2.94e+02,2.03e-02,3.80e-04,2.79e-08,3.20e-07,1.44e-07,1.70e-06,2.09e-01,3.00e-10,2.65e-10,2.30e-11,4.91e-10,6.18e-11,0.00e+00,0.00e+00,7.05e-10,1.70e-12,3.00e-12,0.00e+00,5.88e-10,9.15e-10,1.10e-11,7.81e-01,1.65e-10,6.64e-10,1.94e-10,1.54e-10,2.00e-09,0.00e+00
<ATMOSPHERE-LAYER-10>8.66e-01,2.93e+02,2.17e-02,3.80e-04,2.80e-08,3.20e-07,1.43e-07,1.70e-06,2.09e-01,3.00e-10,2.59e-10,2.30e-11,4.86e-10,6.33e-11,0.00e+00,0.00e+00,6.76e-10,1.70e-12,3.00e-12,0.00e+00,5.86e-10,8.12e-10,1.12e-11,7.81e-01,1.64e-10,6.60e-10,1.94e-10,1.43e-10,2.00e-09,0.00e+00
<ATMOSPHERE-LAYER-11>8.51e-01,2.92e+02,2.15e-02,3.80e-04,2.92e-08,3.20e-07,1.42e-07,1.70e-06,2.09e-01,3.00e-10,2.54e-10,2.30e-11,4.80e-10,6.48e-11,0.00e+00,0.00e+00,6.48e-10,1.70e-12,3.00e-12,0.00e+00,5.85e-10,7.10e-10,1.15e-11,7.81e-01,1.64e-10,6.55e-10,1.93e-10,1.31e-10,2.00e-09,0.00e+00
<ATMOSPHERE-LAYER-12>8.35e-01,2.92e+02,1.98e-02,3.80e-04,3.09e-08,3.20e-07,1.41e-07,1.70e-06,2.09e-01,3.00e-10,2.48e-10,2.30e-11,4.74e-10,6.63e-11,0.00e+00,0.00e+00,6.19e-10,1.70e-12,3.00e-12,0.00e+00,5.83e-10,6.07e-10,1.17e-11,7.81e-01,1.64e-10,6.51e-10,1.93e-10,1.19e-10,2.00e-09,0.00e+00
<ATMOSPHERE-LAYER-13>8.18e-01,2.91e+02,1.76e-02,3.80e-04,3.28e-08,3.20e-07,1.41e-07,1.70e-06,2.09e-01,3.00e-10,2.41e-10,2.30e-11,4.67e-10,6.81e-11,0.00e+00,0.00e+00,5.85e-10,1.70e-12,3.00e-12,0.00e+00,5.81e-10,4.92e-10,1.20e-11,7.81e-01,1.63e-10,6.46e-10,1.92e-10,1.06e-10,2.00e-09,0.00e+00
<ATMOSPHERE-LAYER-14>7.95e-01,2.90e+02,1.50e-02,3.80e-04,3.48e-08,3.20e-07,1.39e-07,1.70e-06,2.09e-01,3.00e-10,2.31e-10,2.30e-11,4.54e-10,7.04e-11,0.00e+00,0.00e+00,5.45e-10,1.70e-12,3.00e-12,0.00e+00,5.79e-10,3.84e-10,1.21e-11,7.81e-01,1.63e-10,6.41e-10,1.92e-10,9.25e-11,2.00e-09,0.00e+00
<ATMOSPHERE-LAYER-15>7.69e-01,2.88e+02,1.22e-02,3.80e-04,3.79e-08,3.20e-07,1.38e-07,1.70e-06,2.09e-01,3.00e-10,2.18e-10,2.30e-11,4.30e-10,7.32e-11,0.00e+00,0.00e+00,5.06e-10,1.70e-12,3.00e-12,0.00e+00,5.76e-10,3.34e-10,1.19e-11,7.81e-01,1.62e-10,6.35e-10,1.91e-10,8.45e-11,2.00e-09,0.00e+00
<ATMOSPHERE-LAYER-16>7.44e-01,2.87e+02,1.15e-02,3.80e-04,4.09e-08,3.20e-07,1.37e-07,1.70e-06,2.09e-01,3.00e-10,2.05e-10,2.30e-11,4.07e-10,7.59e-11,0.00e+00,0.00e+00,4.67e-10,1.70e-12,3.00e-12,0.00e+00,5.73e-10,2.84e-10,1.17e-11,7.81e-01,1.62e-10,6.29e-10,1.90e-10,7.65e-11,2.00e-09,0.00e+00
<ATMOSPHERE-LAYER-17>7.19e-01,2.85e+02,1.22e-02,3.80e-04,4.21e-08,3.20e-07,1.35e-07,1.70e-06,2.09e-01,3.00e-10,1.92e-10,2.30e-11,3.83e-10,7.87e-11,0.00e+00,0.00e+00,4.28e-10,1.70e-12,3.00e-12,0.00e+00,5.70e-10,2.36e-10,1.14e-11,7.81e-01,1.61e-10,6.23e-10,1.89e-10,6.88e-11,2.00e-09,0.00e+00
<ATMOSPHERE-LAYER-18>6.93e-01,2.83e+02,1.15e-02,3.80e-04,4.30e-08,3.20e-07,1.34e-07,1.70e-06,2.09e-01,3.00e-10,1.78e-10,2.30e-11,3.56e-10,8.16e-11,0.00e+00,0.00e+00,3.95e-10,1.70e-12,3.00e-12,0.00e+00,5.68e-10,2.04e-10,1.10e-11,7.81e-01,1.61e-10,6.18e-10,1.88e-10,6.30e-11,1.99e-09,0.00e+00
<ATMOSPHERE-LAYER-19>6.62e-01,2.80e+02,9.63e-03,3.80e-04,4.50e-08,3.20e-07,1.33e-07,1.70e-06,2.09e-01,3.00e-10,1.61e-10,2.30e-11,3.20e-10,8.53e-11,0.00e+00,0.00e+00,3.55e-10,1.70e-12,3.00e-12,0.00e+00,5.65e-10,1.70e-10,1.04e-11,7.81e-01,1.60e-10,6.12e-10,1.86e-10,5.65e-11,1.99e-09,0.00e+00
<ATMOSPHERE-LAYER-20>6.24e-01,2.78e+02,6.90e-03,3.80e-04,4.91e-08,3.20e-07,1.31e-07,1.70e-06,2.09e-01,3.00e-10,1.42e-10,2.30e-11,2.77e-10,8.98e-11,0.00e+00,0.00e+00,3.09e-10,1.70e-12,3.00e-12,0.00e+00,5.61e-10,1.35e-10,9.57e-12,7.81e-01,1.60e-10,6.06e-10,1.83e-10,4.93e-11,1.98e-09,0.00e+00
<ATMOSPHERE-LAYER-21>5.86e-01,2.75e+02,7.42e-03,3.80e-04,4.40e-08,3.20e-07,1.31e-07,1.70e-06,2.09e-01,3.00e-10,1.28e-10,2.30e-11,2.34e-10,9.44e-11,0.00e+00,0.00e+00,2.68e-10,1.70e-12,3.00e-12,0.00e+00,5.58e-10,1.14e-10,8.65e-12,7.81e-01,1.60e-10,6.04e-10,1.79e-10,4.38e-11,1.96e-09,0.00e+00
<ATMOSPHERE-LAYER-22>5.48e-01,2.73e+02,8.43e-03,3.80e-04,3.79e-08,3.20e-07,1.30e-07,1.70e-06,2.09e-01,3.00e-10,1.14e-10,2.30e-11,1.94e-10,9.98e-11,0.00e+00,0.00e+00,2.29e-10,1.70e-12,3.00e-12,0.00e+00,5.54e-10,9.56e-11,7.74e-12,7.81e-01,1.60e-10,6.02e-10,1.75e-10,3.85e-11,1.94e-09,0.00e+00
<ATMOSPHERE-LAYER-23>5.10e-01,2.69e+02,6.00e-03,3.80e-04,4.82e-08,3.20e-07,1.29e-07,1.70e-06,2.09e-01,3.00e-10,1.03e-10,2.30e-11,1.61e-10,1.07e-10,0.00e+00,0.00e+00,1.95e-10,1.70e-12,3.00e-12,0.00e+00,5.50e-10,8.12e-11,6.84e-12,7.81e-01,1.60e-10,6.01e-10,1.69e-10,3.40e-11,1.91e-09,0.00e+00
<ATMOSPHERE-LAYER-24>4.72e-01,2.67e+02,6.38e-03,3.80e-04,4.43e-08,3.20e-07,1.27e-07,1.70e-06,2.09e-01,3.00e-10,9.23e-11,2.30e-11,1.30e-10,1.16e-10,0.00e+00,0.00e+00,1.63e-10,1.70e-12,3.00e-12,0.00e+00,5.45e-10,6.96e-11,6.08e-12,7.81e-01,1.60e-10,6.00e-10,1.60e-10,3.06e-11,1.88e-09,0.00e+00
<ATMOSPHERE-LAYER-25>4.34e-01,2.64e+02,5.44e-03,3.80e-04,4.56e-08,3.20e-07,1.25e-07,1.70e-06,2.09e-01,3.00e-10,8.34e-11,2.30e-11,1.00e-10,1.26e-10,0.00e+00,0.00e+00,1.33e-10,1.70e-12,3.00e-12,0.00e+00,5.40e-10,6.08e-11,5.45e-12,7.81e-01,1.60e-10,6.00e-10,1.49e-10,2.81e-11,1.85e-09,0.00e+00
<ATMOSPHERE-LAYER-26>3.96e-01,2.59e+02,3.41e-03,3.80e-04,5.17e-08,3.20e-07,1.21e-07,1.70e-06,2.09e-01,3.00e-10,7.57e-11,2.30e-11,7.59e-11,1.35e-10,0.00e+00,0.00e+00,1.10e-10,1.70e-12,3.00e-12,0.00e+00,5.35e-10,5.35e-11,4.94e-12,7.81e-01,1.60e-10,5.99e-10,1.31e-10,2.63e-11,1.81e-09,0.00e+00
<ATMOSPHERE-LAYER-27>3.58e-01,2.55e+02,2.84e-03,3.80e-04,5.28e-08,3.20e-07,1.15e-07,1.70e-06,2.09e-01,3.00e-10,6.94e-11,2.31e-11,5.35e-11,1.45e-10,0.00e+00,0.00e+00,8.93e-11,1.70e-12,3.00e-12,0.00e+00,5.29e-10,4.68e-11,4.58e-12,7.81e-01,1.60e-10,5.96e-10,1.10e-10,2.49e-11,1.76e-09,0.00e+00
<ATMOSPHERE-LAYER-28>3.14e-01,2.47e+02,1.28e-03,3.80e-04,5.91e-08,3.19e-07,1.06e-07,1.69e-06,2.09e-01,3.00e-10,6.39e-11,2.34e-11,3.15e-11,1.60e-10,0.00e+00,0.00e+00,6.84e-11,1.70e-12,3.00e-12,0.00e+00,5.23e-10,4.01e-11,4.39e-12,7.81e-01,1.60e-10,5.92e-10,7.91e-11,2.35e-11,1.67e-09,0.00e+00
<ATMOSPHERE-LAYER-29>2.67e-01,2.38e+02,7.36e-04,3.80e-04,6.15e-08,3.16e-07,9.47e-08,1.68e-06,2.09e-01,3.00e-10,5.94e-11,2.50e-11,1.57e-11,1.88e-10,0.00e+00,0.00e+00,5.15e-11,1.70e-12,3.00e-12,0.00e+00,5.14e-10,3.53e-11,4.49e-12,7.81e-01,1.60e-10,5.84e-10,4.64e-11,2.18e-11,1.44e-09,0.00e+00
<ATMOSPHERE-LAYER-30>2.27e-01,2.30e+02,3.75e-04,3.80e-04,6.08e-08,3.11e-07,8.28e-08,1.67e-06,2.09e-01,3.00e-10,5.68e-11,2.94e-11,8.15e-12,2.25e-10,0.00e+00,1.65e-12,4.46e-11,1.70e-12,3.00e-12,0.00e+00,5.02e-10,3.41e-11,4.86e-12,7.81e-01,1.60e-10,5.71e-10,2.55e-11,1.89e-11,1.11e-09,0.00e+00
<ATMOSPHERE-LAYER-31>1.93e-01,2.19e+02,1.29e-04,3.80e-04,5.90e-08,3.06e-07,6.87e-08,1.65e-06,2.09e-01,2.99e-10,5.59e-11,4.01e-11,4.20e-12,2.64e-10,0.00e+00,2.72e-12,5.78e-11,1.70e-12,3.00e-12,0.00e+00,4.87e-10,3.46e-11,5.15e-12,7.81e-01,1.59e-10,5.54e-10,1.38e-11,1.41e-11,8.12e-10,0.00e+00
<ATMOSPHERE-LAYER-32>1.64e-01,2.10e+02,4.28e-05,3.80e-04,5.79e-08,3.01e-07,5.42e-08,1.63e-06,2.09e-01,2.96e-10,5.63e-11,6.59e-11,1.70e-12,3.16e-10,0.00e+00,4.18e-12,9.04e-11,1.70e-12,3.00e-12,0.00e+00,4.66e-10,3.58e-11,5.49e-12,7.81e-01,1.58e-10,5.34e-10,7.83e-12,8.79e-12,5.63e-10,0.00e+00
<ATMOSPHERE-LAYER-33>1.39e-01,2.03e+02,1.62e-05,3.80e-04,5.82e-08,2.96e-07,4.26e-08,1.61e-06,2.09e-01,2.87e-10,5.72e-11,1.42e-10,0.00e+00,4.17e-10,0.00e+00,6.36e-12,1.45e-10,1.70e-12,3.00e-12,0.00e+00,4.36e-10,3.62e-11,6.49e-12,7.81e-01,1.56e-10,5.10e-10,4.91e-12,5.35e-12,3.83e-10,0.00e+00
<ATMOSPHERE-LAYER-34>1.18e-01,1.97e+02,4.34e-06,3.80e-04,7.31e-08,2.90e-07,3.37e-08,1.59e-06,2.09e-01,2.73e-10,5.75e-11,2.68e-10,0.00e+00,6.39e-10,0.00e+00,9.32e-12,2.11e-10,1.70e-12,3.00e-12,0.00e+00,4.01e-10,3.59e-11,8.11e-12,7.81e-01,1.53e-10,4.86e-10,3.38e-12,3.26e-12,2.56e-10,0.00e+00
<ATMOSPHERE-LAYER-35>1.01e-01,1.93e+02,2.84e-06,3.80e-04,8.03e-08,2.82e-07,2.72e-08,1.56e-06,2.09e-01,2.58e-10,5.52e-11,4.40e-10,0.00e+00,1.08e-09,0.00e+00,1.44e-11,2.83e-10,1.70e-12,3.00e-12,0.00e+00,3.64e-10,3.53e-11,1.07e-11,7.81e-01,1.50e-10,4.60e-10,2.55e-12,1.96e-12,1.75e-10,0.00e+00
<ATMOSPHERE-LAYER-36>8.54e-02,1.91e+02,3.00e-06,3.80e-04,1.33e-07,2.72e-07,2.20e-08,1.54e-06,2.09e-01,2.45e-10,5.04e-11,6.60e-10,0.00e+00,1.76e-09,0.00e+00,2.18e-11,3.53e-10,1.70e-12,3.00e-12,0.00e+00,3.26e-10,3.46e-11,1.44e-11,7.81e-01,1.47e-10,4.33e-10,2.27e-12,1.17e-12,1.24e-10,0.00e+00
<ATMOSPHERE-LAYER-37>7.26e-02,1.93e+02,3.23e-06,3.80e-04,3.26e-07,2.60e-07,1.75e-08,1.50e-06,2.09e-01,2.42e-10,4.36e-11,9.20e-10,0.00e+00,2.66e-09,0.00e+00,3.32e-11,4.14e-10,1.70e-12,3.00e-12,1.56e-12,2.91e-10,3.40e-11,1.95e-11,7.81e-01,1.43e-10,4.08e-10,2.47e-12,0.00e+00,9.19e-11,0.00e+00
<ATMOSPHERE-LAYER-38>6.15e-02,1.99e+02,3.71e-06,3.80e-04,6.42e-07,2.45e-07,1.44e-08,1.45e-06,2.09e-01,2.50e-10,3.58e-11,1.23e-09,0.00e+00,3.69e-09,0.00e+00,4.90e-11,4.66e-10,1.70e-12,3.00e-12,3.35e-12,2.57e-10,3.41e-11,2.67e-11,7.81e-01,1.39e-10,3.82e-10,3.19e-12,0.00e+00,6.97e-11,0.00e+00
<ATMOSPHERE-LAYER-39>5.20e-02,2.04e+02,3.91e-06,3.80e-04,1.37e-06,2.27e-07,1.28e-08,1.39e-06,2.09e-01,2.67e-10,2.92e-11,1.59e-09,0.00e+00,4.59e-09,0.00e+00,6.83e-11,5.06e-10,1.70e-12,3.00e-12,6.49e-12,2.27e-10,3.56e-11,3.71e-11,7.81e-01,1.35e-10,3.55e-10,4.70e-12,0.00e+00,5.25e-11,0.00e+00
<ATMOSPHERE-LAYER-40>4.39e-02,2.05e+02,4.06e-06,3.80e-04,1.71e-06,2.11e-07,1.23e-08,1.31e-06,2.09e-01,2.94e-10,2.45e-11,1.99e-09,0.00e+00,5.24e-09,0.00e+00,9.00e-11,5.38e-10,1.70e-12,3.00e-12,9.62e-12,1.99e-10,3.88e-11,5.14e-11,7.81e-01,1.32e-10,3.28e-10,8.32e-12,0.00e+00,3.90e-11,0.00e+00
<ATMOSPHERE-LAYER-41>3.70e-02,2.09e+02,4.21e-06,3.80e-04,2.81e-06,2.00e-07,1.28e-08,1.22e-06,2.09e-01,3.42e-10,2.14e-11,2.44e-09,0.00e+00,5.65e-09,0.00e+00,1.15e-10,5.66e-10,1.70e-12,3.00e-12,1.37e-11,1.72e-10,4.34e-11,7.01e-11,7.81e-01,1.27e-10,2.96e-10,1.65e-11,0.00e+00,2.87e-11,0.00e+00
<ATMOSPHERE-LAYER-42>3.11e-02,2.14e+02,4.24e-06,3.80e-04,4.02e-06,1.89e-07,1.38e-08,1.13e-06,2.09e-01,4.31e-10,1.94e-11,2.96e-09,0.00e+00,5.82e-09,1.07e-12,1.44e-10,5.98e-10,1.70e-12,3.00e-12,2.08e-11,1.43e-10,4.94e-11,9.43e-11,7.81e-01,1.20e-10,2.56e-10,3.32e-11,0.00e+00,2.04e-11,0.00e+00
<ATMOSPHERE-LAYER-43>2.60e-02,2.17e+02,4.25e-06,3.80e-04,5.36e-06,1.77e-07,1.51e-08,1.06e-06,2.09e-01,6.66e-10,1.76e-11,3.68e-09,0.00e+00,5.63e-09,2.10e-12,1.79e-10,6.47e-10,1.71e-12,3.00e-12,3.83e-11,1.10e-10,5.76e-11,1.28e-10,7.81e-01,1.13e-10,1.96e-10,6.00e-11,0.00e+00,1.27e-11,0.00e+00
<ATMOSPHERE-LAYER-44>2.18e-02,2.18e+02,4.25e-06,3.80e-04,6.30e-06,1.67e-07,1.62e-08,1.02e-06,2.09e-01,9.75e-10,1.65e-11,4.26e-09,0.00e+00,5.22e-09,3.56e-12,2.05e-10,7.00e-10,1.73e-12,3.00e-12,6.17e-11,8.80e-11,6.50e-11,1.57e-10,7.81e-01,1.09e-10,1.51e-10,8.20e-11,0.00e+00,9.05e-12,0.00e+00
<ATMOSPHERE-LAYER-45>1.81e-02,2.20e+02,4.25e-06,3.80e-04,7.76e-06,1.60e-07,1.71e-08,9.91e-07,2.09e-01,1.24e-09,1.55e-11,4.74e-09,0.00e+00,4.87e-09,4.83e-12,2.27e-10,7.45e-10,1.76e-12,3.00e-12,8.20e-11,6.95e-11,7.12e-11,1.81e-10,7.81e-01,1.05e-10,1.15e-10,1.00e-10,0.00e+00,6.14e-12,0.00e+00
<ATMOSPHERE-LAYER-46>1.50e-02,2.21e+02,4.28e-06,3.80e-04,9.38e-06,1.51e-07,1.85e-08,9.52e-07,2.09e-01,1.84e-09,1.44e-11,5.45e-09,0.00e+00,4.31e-09,8.18e-12,2.55e-10,8.64e-10,1.83e-12,3.00e-12,1.32e-10,4.92e-11,7.93e-11,2.13e-10,7.81e-01,1.01e-10,8.02e-11,1.19e-10,0.00e+00,4.03e-12,0.00e+00
<ATMOSPHERE-LAYER-47>1.25e-02,2.28e+02,4.34e-06,3.80e-04,1.08e-05,1.42e-07,1.98e-08,9.17e-07,2.09e-01,2.39e-09,1.35e-11,6.10e-09,0.00e+00,3.79e-09,1.14e-11,2.80e-10,9.77e-10,1.89e-12,3.00e-12,1.80e-10,3.14e-11,8.66e-11,2.42e-10,7.81e-01,9.77e-11,5.02e-11,1.34e-10,0.00e+00,2.31e-12,0.00e+00
<ATMOSPHERE-LAYER-48>1.03e-02,2.32e+02,4.44e-06,3.80e-04,1.17e-05,1.29e-07,2.14e-08,8.70e-07,2.09e-01,3.53e-09,1.27e-11,6.71e-09,0.00e+00,3.14e-09,2.33e-11,3.02e-10,1.14e-09,2.09e-12,3.00e-12,2.75e-10,2.05e-11,9.44e-11,2.72e-10,7.81e-01,9.37e-11,3.20e-11,1.36e-10,0.00e+00,1.47e-12,0.00e+00
<ATMOSPHERE-LAYER-49>8.46e-03,2.39e+02,4.61e-06,3.80e-04,1.04e-05,1.16e-07,2.27e-08,8.28e-07,2.09e-01,4.60e-09,1.21e-11,7.21e-09,0.00e+00,2.57e-09,3.52e-11,3.21e-10,1.29e-09,2.27e-12,3.00e-12,3.61e-10,1.19e-11,1.01e-10,2.97e-10,7.81e-01,9.03e-11,1.76e-11,1.35e-10,0.00e+00,0.00e+00,0.00e+00
<ATMOSPHERE-LAYER-50>6.92e-03,2.49e+02,4.85e-06,3.80e-04,8.86e-06,1.01e-07,2.41e-08,7.77e-07,2.09e-01,6.19e-09,1.18e-11,7.25e-09,0.00e+00,1.99e-09,6.55e-11,3.38e-10,1.46e-09,2.62e-12,3.00e-12,4.53e-10,7.15e-12,1.07e-10,3.12e-10,7.81e-01,8.67e-11,1.12e-11,1.21e-10,0.00e+00,0.00e+00,0.00e+00
<ATMOSPHERE-LAYER-51>5.63e-03,2.48e+02,4.97e-06,3.80e-04,8.22e-06,8.73e-08,2.54e-08,7.28e-07,2.09e-01,7.61e-09,1.17e-11,7.06e-09,0.00e+00,1.50e-09,1.02e-10,3.53e-10,1.60e-09,3.00e-12,3.00e-12,5.29e-10,3.74e-12,1.11e-10,3.17e-10,7.81e-01,8.37e-11,6.44e-12,1.07e-10,0.00e+00,0.00e+00,0.00e+00
<ATMOSPHERE-LAYER-52>4.56e-03,2.48e+02,5.17e-06,3.80e-04,7.54e-06,7.14e-08,2.69e-08,6.76e-07,2.09e-01,8.96e-09,1.20e-11,6.44e-09,0.00e+00,1.08e-09,1.55e-10,3.68e-10,1.67e-09,3.54e-12,3.00e-12,5.90e-10,2.07e-12,1.13e-10,3.07e-10,7.81e-01,8.10e-11,3.78e-12,8.99e-11,0.00e+00,0.00e+00,0.00e+00
<ATMOSPHERE-LAYER-53>3.68e-03,2.49e+02,5.45e-06,3.80e-04,6.94e-06,5.64e-08,2.91e-08,6.15e-07,2.09e-01,1.02e-08,1.28e-11,5.18e-09,0.00e+00,7.58e-10,2.25e-10,3.83e-10,1.71e-09,4.28e-12,3.00e-12,6.01e-10,1.15e-12,1.08e-10,2.77e-10,7.81e-01,7.83e-11,2.21e-12,7.48e-11,0.00e+00,0.00e+00,0.00e+00
<ATMOSPHERE-LAYER-54>2.95e-03,2.52e+02,5.68e-06,3.80e-04,6.26e-06,4.30e-08,3.15e-08,5.52e-07,2.09e-01,1.13e-08,1.39e-11,3.81e-09,0.00e+00,4.99e-10,2.99e-10,3.97e-10,1.74e-09,5.06e-12,3.00e-12,5.76e-10,0.00e+00,1.00e-10,2.38e-10,7.81e-01,7.59e-11,1.27e-12,6.23e-11,0.00e+00,0.00e+00,0.00e+00
<ATMOSPHERE-LAYER-55>2.35e-03,2.56e+02,5.93e-06,3.80e-04,5.24e-06,3.07e-08,3.44e-08,4.80e-07,2.09e-01,1.18e-08,1.60e-11,2.50e-09,0.00e+00,3.02e-10,3.84e-10,4.07e-10,1.76e-09,5.91e-12,3.00e-12,4.62e-10,0.00e+00,8.37e-11,1.79e-10,7.81e-01,7.36e-11,0.00e+00,5.39e-11,0.00e+00,0.00e+00,0.00e+00
<ATMOSPHERE-LAYER-56>1.87e-03,2.60e+02,6.19e-06,3.80e-04,4.42e-06,2.12e-08,3.77e-08,4.08e-07,2.09e-01,1.18e-08,1.89e-11,1.61e-09,0.00e+00,1.81e-10,4.63e-10,4.16e-10,1.78e-09,6.52e-12,3.00e-12,3.34e-10,0.00e+00,6.25e-11,1.28e-10,7.81e-01,7.14e-11,0.00e+00,4.77e-11,0.00e+00,0.00e+00,0.00e+00
<ATMOSPHERE-LAYER-57>1.48e-03,2.62e+02,6.43e-06,3.80e-04,3.73e-06,1.42e-08,4.12e-08,3.40e-07,2.09e-01,1.15e-08,2.28e-11,1.02e-09,0.00e+00,1.09e-10,5.29e-10,4.22e-10,1.79e-09,6.91e-12,3.00e-12,2.26e-10,0.00e+00,3.97e-11,8.46e-11,7.81e-01,6.92e-11,0.00e+00,4.27e-11,0.00e+00,0.00e+00,0.00e+00
<ATMOSPHERE-LAYER-58>1.16e-03,2.64e+02,6.63e-06,3.80e-04,3.14e-06,9.38e-09,4.48e-08,2.77e-07,2.09e-01,1.10e-08,2.77e-11,6.66e-10,0.00e+00,7.70e-11,5.79e-10,4.24e-10,1.80e-09,7.08e-12,3.00e-12,1.56e-10,0.00e+00,1.63e-11,4.92e-11,7.81e-01,6.70e-11,0.00e+00,3.80e-11,0.00e+00,0.00e+00,0.00e+00
<ATMOSPHERE-LAYER-59>9.07e-04,2.65e+02,6.80e-06,3.80e-04,2.58e-06,5.56e-09,4.99e-08,2.22e-07,2.09e-01,1.04e-08,3.42e-11,4.82e-10,0.00e+00,5.92e-11,6.58e-10,4.25e-10,1.80e-09,7.13e-12,3.00e-12,1.13e-10,0.00e+00,7.05e-12,2.95e-11,7.81e-01,6.48e-11,0.00e+00,3.54e-11,0.00e+00,0.00e+00,0.00e+00
<ATMOSPHERE-LAYER-60>7.06e-04,2.63e+02,6.92e-06,3.80e-04,2.18e-06,4.10e-09,5.42e-08,1.93e-07,2.09e-01,1.02e-08,3.94e-11,4.04e-10,0.00e+00,5.14e-11,7.78e-10,4.25e-10,1.80e-09,7.14e-12,3.00e-12,9.39e-11,0.00e+00,3.95e-12,2.15e-11,7.81e-01,6.35e-11,0.00e+00,3.53e-11,0.00e+00,0.00e+00,0.00e+00
<ATMOSPHERE-LAYER-61>5.46e-04,2.57e+02,7.01e-06,3.80e-04,1.94e-06,3.40e-09,5.78e-08,1.75e-07,2.09e-01,1.01e-08,4.36e-11,3.63e-10,0.00e+00,4.70e-11,8.90e-10,4.25e-10,1.80e-09,7.15e-12,3.00e-12,8.30e-11,0.00e+00,2.70e-12,1.73e-11,7.81e-01,6.26e-11,0.00e+00,3.59e-11,0.00e+00,0.00e+00,0.00e+00
<ATMOSPHERE-LAYER-62>4.20e-04,2.50e+02,7.02e-06,3.80e-04,1.80e-06,2.85e-09,6.14e-08,1.63e-07,2.09e-01,1.01e-08,4.68e-11,3.30e-10,0.00e+00,4.35e-11,1.09e-09,4.25e-10,1.80e-09,7.15e-12,3.00e-12,7.46e-11,0.00e+00,1.84e-12,1.43e-11,7.81e-01,6.18e-11,0.00e+00,3.89e-11,0.00e+00,0.00e+00,0.00e+00
<ATMOSPHERE-LAYER-63>3.22e-04,2.43e+02,7.02e-06,3.80e-04,1.71e-06,2.42e-09,6.59e-08,1.56e-07,2.09e-01,1.01e-08,4.94e-11,3.06e-10,0.00e+00,4.07e-11,1.45e-09,4.25e-10,1.80e-09,7.15e-12,3.00e-12,6.83e-11,0.00e+00,1.41e-12,1.22e-11,7.81e-01,6.09e-11,0.00e+00,4.63e-11,0.00e+00,0.00e+00,0.00e+00
<ATMOSPHERE-LAYER-64>2.45e-04,2.37e+02,6.99e-06,3.80e-04,1.72e-06,2.09e-09,6.93e-08,1.50e-07,2.09e-01,1.01e-08,5.13e-11,2.86e-10,0.00e+00,3.86e-11,1.74e-09,4.25e-10,1.80e-09,7.15e-12,3.00e-12,6.34e-11,0.00e+00,1.08e-12,1.06e-11,7.81e-01,6.03e-11,0.00e+00,5.21e-11,0.00e+00,0.00e+00,0.00e+00
<ATMOSPHERE-LAYER-65>1.85e-04,2.32e+02,6.96e-06,3.80e-04,1.83e-06,1.81e-09,7.97e-08,1.50e-07,2.09e-01,1.02e-08,5.13e-11,2.70e-10,0.00e+00,3.68e-11,2.66e-09,4.25e-10,1.80e-09,7.15e-12,3.00e-12,5.95e-11,0.00e+00,0.00e+00,9.52e-12,7.81e-01,5.96e-11,0.00e+00,8.59e-11,0.00e+00,0.00e+00,0.00e+00
<ATMOSPHERE-LAYER-66>1.40e-04,2.26e+02,6.83e-06,3.80e-04,2.04e-06,1.59e-09,8.84e-08,1.50e-07,2.09e-01,1.03e-08,5.12e-11,2.58e-10,0.00e+00,3.55e-11,3.43e-09,4.25e-10,1.80e-09,7.15e-12,3.00e-12,5.64e-11,0.00e+00,0.00e+00,8.68e-12,7.81e-01,5.90e-11,0.00e+00,1.14e-10,0.00e+00,0.00e+00,0.00e+00
<ATMOSPHERE-LAYER-67>1.05e-04,2.18e+02,6.79e-06,3.80e-04,2.37e-06,1.41e-09,1.19e-07,1.50e-07,2.09e-01,1.06e-08,4.90e-11,2.47e-10,0.00e+00,3.43e-11,4.64e-09,4.25e-10,1.80e-09,7.15e-12,3.00e-12,5.39e-11,0.00e+00,0.00e+00,8.02e-12,7.81e-01,5.85e-11,0.00e+00,1.92e-10,0.00e+00,0.00e+00,0.00e+00
<ATMOSPHERE-LAYER-68>7.77e-05,2.09e+02,6.63e-06,3.80e-04,2.79e-06,1.26e-09,1.62e-07,1.50e-07,2.09e-01,1.11e-08,4.57e-11,2.38e-10,0.00e+00,3.34e-11,6.11e-09,4.25e-10,1.80e-09,7.15e-12,3.00e-12,5.19e-11,0.00e+00,0.00e+00,7.49e-12,7.81e-01,5.79e-11,0.00e+00,2.99e-10,0.00e+00,0.00e+00,0.00e+00
<ATMOSPHERE-LAYER-69>5.68e-05,2.00e+02,6.52e-06,3.80e-04,3.20e-06,1.14e-09,2.08e-07,1.50e-07,2.09e-01,1.17e-08,4.26e-11,2.30e-10,0.00e+00,3.26e-11,7.34e-09,4.25e-10,1.80e-09,7.15e-12,3.00e-12,5.03e-11,0.00e+00,0.00e+00,7.08e-12,7.81e-01,5.75e-11,0.00e+00,4.05e-10,0.00e+00,0.00e+00,0.00e+00
<ATMOSPHERE-LAYER-70>4.01e-05,1.91e+02,5.95e-06,3.80e-04,3.61e-06,1.00e-09,4.03e-07,1.50e-07,2.09e-01,1.41e-08,3.49e-11,2.22e-10,0.00e+00,3.19e-11,9.43e-09,4.25e-10,1.80e-09,7.15e-12,3.00e-12,4.86e-11,0.00e+00,0.00e+00,6.67e-12,7.81e-01,5.68e-11,0.00e+00,7.92e-10,0.00e+00,0.00e+00,0.00e+00
<ATMOSPHERE-LAYER-71>2.64e-05,1.83e+02,4.73e-06,3.80e-04,4.16e-06,8.92e-10,5.65e-07,1.50e-07,2.09e-01,1.61e-08,2.85e-11,2.15e-10,0.00e+00,3.12e-11,1.12e-08,4.25e-10,1.80e-09,7.15e-12,3.00e-12,4.72e-11,0.00e+00,0.00e+00,6.34e-12,7.81e-01,5.62e-11,0.00e+00,1.11e-09,0.00e+00,0.00e+00,0.00e+00
<ATMOSPHERE-LAYER-72>1.50e-05,1.85e+02,2.42e-06,3.78e-04,9.94e-06,7.55e-10,1.29e-06,1.50e-07,2.09e-01,2.39e-08,1.73e-11,2.05e-10,0.00e+00,3.04e-11,1.13e-08,4.25e-10,1.80e-09,7.15e-12,3.00e-12,4.55e-11,0.00e+00,0.00e+00,5.93e-12,7.81e-01,5.53e-11,0.00e+00,1.77e-09,0.00e+00,0.00e+00,0.00e+00
<SURFACE-ALBEDO>0.400
<SURFACE-EMISSIVITY>0.600
<SURFACE-TEMPERATURE>300.70
<ATMOSPHERE-TEMPERATURE>210
<ATMOSPHERE-TAU>0.07,0.07,0.07,0.07,0.07,0.07,0.07,0.07
<ATMOSPHERE-NMAX>0
<ATMOSPHERE-LMAX>0
<ATMOSPHERE-NAERO>0
<ATMOSPHERE-AEROS>
<ATMOSPHERE-ATYPE>
<ATMOSPHERE-AABUN>
<ATMOSPHERE-AUNIT>
<ATMOSPHERE-ASIZE>
<ATMOSPHERE-ASUNI>
<ATMOSPHERE-CONTINUUM>Rayleigh,Refraction,CIA_all,UV_all
<SURFACE-MODEL>Lambert
<SURFACE-PHASEMODEL>ISO
<SURFACE-GAS-RATIO>1.0
<SURFACE-GAS-UNIT>ratio
<SURFACE-NSURF>0
<SURFACE-SURF>
<SURFACE-TYPE>
<SURFACE-ABUN>
<SURFACE-UNIT>
<SURFACE-THICK>
<GENERATOR-TELESCOPE>CORONA
<GENERATOR-DIAMTELE>6.0
<GENERATOR-BEAM>1
<GENERATOR-BEAM-UNIT>diffrac
<GENERATOR-TELESCOPE1>1E-10
<GENERATOR-TELESCOPE2>4.5
<GENERATOR-TELESCOPE3>1.000e-10@0.000,1.000e-10@0.217,1.000e-10@1.410,2.110e-03@2.278,6.329e-03@2.767,1.688e-02@3.092,5.063e-02@3.418,1.097e-01@3.797,1.477e-01@4.014,1.751e-01@4.231,1.920e-01@4.557,2.004e-01@5.371,2.004e-01@6.130,2.131e-01@6.618,2.532e-01@7.215,2.679e-01@9.005,2.700e-01@12.640,2.700e-01@17.631,2.700e-01@20.561,2.700e-01@24.304,2.700e-01@27.288,2.700e-01@29.349
<GENERATOR-NOISE>CCD
<GENERATOR-NOISE1>0@0.2,0@1,2.5@1.01,2.5@2.0
<GENERATOR-NOISEOTEMP>270
<GENERATOR-NOISEOEFF>0.0317@0.2000,0.0437@0.2261,0.0589@0.2580,0.0742@0.2986,0.0851@0.3377,0.0917@0.3667,0.0971@0.4029,0.1015@0.4493,0.1004@0.4971,0.1004@0.5140,0.1670@0.5150,0.1659@0.5377,0.1506@0.6304,0.1255@0.7087,0.0939@0.7986,0.0884@0.8435,0.1146@0.9058,0.1419@0.9594,0.1594@0.9942,0.1821@1.2200,0.1958@1.4100,0.2049@1.6200,0.2094@1.8700,0.2140@2.0000
<GENERATOR-NOISEOEMIS>0.1
<GENERATOR-NOISETIME>10800
<GENERATOR-NOISEFRAMES>1
<GENERATOR-NOISEPIXELS>10
<GENERATOR-TRANS-APPLY>N
<GENERATOR-TRANS-SHOW>N
<GENERATOR-TRANS>03-01
<GENERATOR-LOGRAD>N
<GENERATOR-GAS-MODEL>Y
<GENERATOR-CONT-MODEL>Y
<GENERATOR-CONT-STELLAR>Y
<GENERATOR-RADUNITS>rif
<GENERATOR-NOISE2>3e-5@0.2,3e-5@1,2e-3@1.01,2e-3@2.0
<GENERATOR-RESOLUTIONKERNEL>N
<GENERATOR-INSTRUMENT>LUVOIR_A-NIR: The Extreme Coronagraph for Living Planetary Systems (ECLIPS) delivers continuous spectral coverage from 200 nm to 2.5 um via three channels, UV (200 to 525 nm), VIS (515 nm to 1030 nm), and NIR (1 to 2 microns). The UV channel is effectively an imager and provides a maximum resolution of RP=7, while the VIS channel RP=140, and NIR=70. The core coronagraph throughput is practically twice for LUVOIR-B than A.
<GENERATOR-RANGE1>1.01
<GENERATOR-RANGE2>2.0
<GENERATOR-RANGEUNIT>um
<GENERATOR-RESOLUTION>70
<GENERATOR-RESOLUTIONUNIT>RP
<GENERATOR-INSTRUMENT>LUVOIR_A-UV: The Extreme Coronagraph for Living Planetary Systems (ECLIPS) delivers continuous spectral coverage from 200 nm to 2.5 um via three channels, UV (200 to 525 nm), VIS (515 nm to 1030 nm), and NIR (1 to 2 microns). The UV channel is effectively an imager and provides a maximum resolution of RP=7, while the VIS channel RP=140, and NIR=70. The core coronagraph throughput is practically twice for LUVOIR-B than A.
<GENERATOR-RANGE1>0.2
<GENERATOR-RANGE2>0.515
<GENERATOR-RANGEUNIT>um
<GENERATOR-RESOLUTION>7
<GENERATOR-RESOLUTIONUNIT>RP
<GENERATOR-INSTRUMENT>LUVOIR_A-VIS: The Extreme Coronagraph for Living Planetary Systems (ECLIPS) delivers continuous spectral coverage from 200 nm to 2.5 um via three channels, UV (200 to 525 nm), VIS (515 nm to 1030 nm), and NIR (1 to 2 microns). The UV channel is effectively an imager and provides a maximum resolution of RP=7, while the VIS channel RP=140, and NIR=70. The core coronagraph throughput is practically twice for LUVOIR-B than A.
<GENERATOR-RANGE1>0.515
<GENERATOR-RANGE2>1.0
<GENERATOR-RANGEUNIT>um
<GENERATOR-RESOLUTION>140
<GENERATOR-RESOLUTIONUNIT>RP
