1.0000e-01 3.0679e+01 5.5100e-01 1.9815e-02
1.1000e-01 3.0679e+01 5.4600e-01 1.9934e-02
1.3000e-01 3.0679e+01 5.4100e-01 1.9972e-02
1.5000e-01 3.0679e+01 5.6100e-01 1.9353e-02
1.7000e-01 3.0679e+01 5.8800e-01 1.3973e-02
1.9000e-01 3.0831e+01 1.0000e+00 1.7042e-02
3.4000e-01 3.0984e+01 1.0000e+00 1.7660e-02
3.8000e-01 3.0831e+01 1.0000e+00 1.7720e-02
4.1200e-01 3.0984e+01 1.0000e+00 1.7740e-02
4.4000e-01 3.0831e+01 1.0000e+00 1.7740e-02
4.4300e-01 3.0831e+01 1.0000e+00 1.7740e-02
4.9000e-01 3.1136e+01 1.0000e+00 1.7760e-02
5.0000e-01 3.0679e+01 1.0000e+00 1.7740e-02
5.3100e-01 3.0831e+01 1.0000e+00 1.7760e-02
5.3200e-01 3.0984e+01 1.0000e+00 1.7780e-02
5.5100e-01 3.1136e+01 1.0000e+00 1.7760e-02
5.5500e-01 3.0831e+01 1.0000e+00 1.7760e-02
6.6700e-01 3.1136e+01 1.0000e+00 1.7780e-02
6.7500e-01 3.0831e+01 1.0000e+00 1.7741e-02
8.7000e-01 3.1289e+01 1.0000e+00 1.7792e-02
1.0200e+00 3.0679e+01 9.9900e-01 1.7815e-02
1.1100e+00 3.1442e+01 9.9900e-01 1.7732e-02
1.3300e+00 3.1136e+01 9.9400e-01 1.8097e-02
1.5600e+00 3.1900e+01 8.8100e-01 2.0154e-02
1.6400e+00 3.1747e+01 9.2400e-01 2.0203e-02
1.7700e+00 3.1594e+01 9.5500e-01 2.0075e-02
2.0500e+00 3.1442e+01 7.4600e-01 2.0162e-02
2.2100e+00 3.1747e+01 9.4200e-01 2.1047e-02
2.5800e+00 3.1900e+01 8.7000e-01 2.2968e-02
3.2800e+00 3.1900e+01 5.4800e-01 2.4113e-02
3.8100e+00 3.2205e+01 5.7800e-01 1.9584e-02
4.2900e+00 3.2205e+01 5.2700e-01 2.1461e-02
4.5500e+00 3.2205e+01 5.2500e-01 2.2639e-02
4.8800e+00 3.2205e+01 5.3800e-01 2.0811e-02
5.1300e+00 3.2815e+01 5.5700e-01 2.1370e-02
5.4100e+00 3.2357e+01 5.3300e-01 2.1772e-02
5.7100e+00 3.2510e+01 5.1800e-01 2.3861e-02
6.0600e+00 3.2510e+01 5.1700e-01 2.6394e-02
6.4500e+00 3.2663e+01 5.1800e-01 2.5993e-02
6.9000e+00 3.2815e+01 5.1700e-01 2.5702e-02
7.4100e+00 3.2968e+01 5.1600e-01 2.5213e-02
8.3300e+00 3.3273e+01 5.1700e-01 2.5207e-02
9.0100e+00 3.2968e+01 5.1000e-01 2.5571e-02
1.0300e+01 3.3121e+01 4.9400e-01 3.2373e-02
1.2500e+01 3.3426e+01 5.3300e-01 3.1810e-02
1.3900e+01 3.3884e+01 5.2900e-01 3.0288e-02
1.6700e+01 3.4494e+01 5.1400e-01 2.8384e-02
2.0000e+01 3.5563e+01 5.2100e-01 2.7201e-02
2.6300e+01 3.6936e+01 5.8800e-01 2.8656e-02
3.5700e+01 3.5868e+01 4.8600e-01 3.7392e-02
