# ------------------------------------------------------------------------
# Radiance spectrum
# NASA-GSFC Planetary Spectrum Generator (PSG) (Villanueva et al. 2018, 2022)
# Synthesized on Sat Apr 22 05:50:44 2023
# Doppler velocities [km/s] (vobs,vrot+vorb,vwidth,vrfl,vstr): 0.00000,0.00000,0.00000,0.00000,0.00000
# ------------------------------------------------------------------------
# Spectra synthesized with the Planetary and Universal Model of Atmospheric Scattering (PUMAS, Villanueva et al. 2018, 2022)
# Muliple scattering method employing PSGDORT, NMAX:1 / LMAX:41 / gMAX:0.84
# ------------------------------------------------------------------------
# Spectral unit: Wavelength [um]
# Radiance unit: I/F [apparent albedo]
# Wave/freq Total Noise Stellar Earth
1.010000000e+00  7.8237692e-02  1.07657e-02  5.51360e-02  7.82377e-02
1.024428571e+00  8.1214907e-02  1.08385e-02  5.51360e-02  8.12149e-02
1.039063265e+00  8.3262401e-02  1.08775e-02  5.51360e-02  8.32624e-02
1.053907026e+00  8.0681367e-02  1.07864e-02  5.51360e-02  8.06814e-02
1.068962841e+00  7.3710814e-02  1.07033e-02  5.51360e-02  7.37108e-02
1.084233739e+00  6.1641176e-02  1.04998e-02  5.51360e-02  6.16412e-02
1.099722792e+00  2.6202868e-02  9.84900e-03  5.51360e-02  2.62029e-02
1.115433118e+00  2.5265629e-03  9.23340e-03  5.51360e-02  2.52656e-03
1.131367876e+00  8.4959864e-04  9.22356e-03  5.51360e-02  8.49599e-04
1.147530275e+00  1.0372511e-03  9.16310e-03  5.51381e-02  1.03725e-03
1.163923564e+00  1.5455773e-02  9.47838e-03  5.51533e-02  1.54558e-02
1.180551044e+00  2.9208699e-02  9.76367e-03  5.51688e-02  2.92087e-02
1.197416059e+00  3.3975198e-02  9.84271e-03  5.51844e-02  3.39752e-02
1.214522002e+00  4.8183654e-02  1.00580e-02  5.52003e-02  4.81837e-02
1.231872317e+00  6.9067565e-02  1.04049e-02  5.52165e-02  6.90676e-02
1.249470493e+00  7.2417357e-02  1.04799e-02  5.52328e-02  7.24174e-02
1.267320071e+00  4.9744237e-02  1.00836e-02  5.52495e-02  4.97442e-02
1.285424644e+00  6.2339768e-02  1.04435e-02  5.52663e-02  6.23398e-02
1.303787853e+00  3.3607702e-02  9.82137e-03  5.52835e-02  3.36077e-02
1.322413394e+00  7.6799237e-03  9.35368e-03  5.53008e-02  7.67992e-03
1.341305013e+00  5.2554537e-04  9.21526e-03  5.53185e-02  5.25545e-04
1.360466514e+00  2.1683803e-04  9.25608e-03  5.53364e-02  2.16838e-04
1.379901750e+00  2.0999528e-04  9.26108e-03  5.53545e-02  2.09995e-04
1.399614632e+00  2.1367139e-04  9.29418e-03  5.53730e-02  2.13671e-04
1.419609126e+00  2.5204879e-04  9.41469e-03  5.53917e-02  2.52049e-04
1.439889257e+00  2.6702661e-04  9.44338e-03  5.54107e-02  2.67027e-04
1.460459103e+00  3.2975278e-04  9.51246e-03  5.54299e-02  3.29753e-04
1.481322805e+00  1.1928754e-03  9.63668e-03  5.54495e-02  1.19288e-03
1.502484559e+00  2.2543897e-02  1.00965e-02  5.54694e-02  2.25439e-02
1.523948624e+00  5.2052953e-02  1.06660e-02  5.54895e-02  5.20530e-02
1.545719319e+00  7.2150525e-02  1.11233e-02  5.55100e-02  7.21505e-02
1.567801024e+00  7.0261128e-02  1.13139e-02  5.55308e-02  7.02611e-02
1.590198181e+00  7.6904284e-02  1.16295e-02  5.55518e-02  7.69043e-02
1.612915298e+00  7.6096494e-02  1.17530e-02  5.56088e-02  7.60965e-02
1.635956945e+00  7.8279702e-02  1.20326e-02  5.57858e-02  7.82797e-02
1.659327758e+00  7.3390924e-02  1.21974e-02  5.59664e-02  7.33909e-02
1.683032441e+00  7.1782816e-02  1.27318e-02  5.61509e-02  7.17828e-02
1.707075761e+00  6.0754039e-02  1.29378e-02  5.63392e-02  6.07540e-02
1.731462558e+00  4.1458094e-02  1.34979e-02  5.65315e-02  4.14581e-02
1.756197737e+00  2.1403108e-02  1.38177e-02  5.67278e-02  2.14031e-02
1.781286276e+00  2.7916975e-03  1.45611e-02  5.69284e-02  2.79170e-03
1.806733223e+00  1.0193991e-04  1.61023e-02  5.71333e-02  1.01940e-04
1.832543698e+00  6.6979025e-05  1.78991e-02  5.73427e-02  6.69790e-05
1.858722894e+00  6.3860291e-05  2.03645e-02  5.75566e-02  6.38603e-05
1.885276078e+00  6.4152197e-05  2.40178e-02  5.77752e-02  6.41522e-05
1.912208593e+00  6.1833417e-05  2.72733e-02  5.79986e-02  6.18334e-05
1.939525859e+00  7.6127835e-05  3.30366e-02  5.82270e-02  7.61278e-05
1.967233371e+00  2.1402591e-03  3.85738e-02  5.84604e-02  2.14026e-03
1.995336705e+00  9.8127079e-03  4.60856e-02  5.86991e-02  9.81271e-03
