# ------------------------------------------------------------------------
# Radiance spectrum
# NASA-GSFC Planetary Spectrum Generator (PSG) (Villanueva et al. 2018, 2022)
# Synthesized on Sat Apr 22 05:51:08 2023
# Doppler velocities [km/s] (vobs,vrot+vorb,vwidth,vrfl,vstr): 0.00000,0.00000,0.00000,0.00000,0.00000
# ------------------------------------------------------------------------
# Spectra synthesized with the Planetary and Universal Model of Atmospheric Scattering (PUMAS, Villanueva et al. 2018, 2022)
# Muliple scattering method employing PSGDORT, NMAX:1 / LMAX:41 / gMAX:0.84
# ------------------------------------------------------------------------
# Spectral unit: Wavelength [um]
# Radiance unit: I/F [apparent albedo]
# Wave/freq Total Noise Stellar Earth
5.150000000e-01  9.4164605e-02  1.37155e-02  5.51360e-02  9.41646e-02
5.186785714e-01  9.3403193e-02  1.42486e-02  5.51360e-02  9.34032e-02
5.223834184e-01  9.2197642e-02  1.34173e-02  5.51360e-02  9.21976e-02
5.261147285e-01  9.0201845e-02  1.35081e-02  5.51360e-02  9.02018e-02
5.298726908e-01  8.8435443e-02  1.28397e-02  5.51360e-02  8.84354e-02
5.336574958e-01  8.7622693e-02  1.31324e-02  5.51360e-02  8.76227e-02
5.374693350e-01  8.7377554e-02  1.27367e-02  5.51360e-02  8.73776e-02
5.413084017e-01  8.4150938e-02  1.28212e-02  5.51360e-02  8.41509e-02
5.451748903e-01  8.3171510e-02  1.24902e-02  5.51360e-02  8.31715e-02
5.490689967e-01  8.4250724e-02  1.26328e-02  5.51360e-02  8.42507e-02
5.529909181e-01  8.4348093e-02  1.24941e-02  5.51360e-02  8.43481e-02
5.569408532e-01  8.3361248e-02  1.25475e-02  5.51360e-02  8.33612e-02
5.609190021e-01  8.1553593e-02  1.24176e-02  5.51360e-02  8.15536e-02
5.649255664e-01  7.9590619e-02  1.22846e-02  5.51360e-02  7.95906e-02
5.689607491e-01  7.3064143e-02  1.19489e-02  5.51360e-02  7.30641e-02
5.730247544e-01  7.1325198e-02  1.17188e-02  5.51360e-02  7.13252e-02
5.771177884e-01  7.1519519e-02  1.17977e-02  5.51360e-02  7.15195e-02
5.812400583e-01  7.5185992e-02  1.18452e-02  5.51360e-02  7.51860e-02
5.853917730e-01  7.6140621e-02  1.19088e-02  5.51360e-02  7.61406e-02
5.895731428e-01  5.8458799e-02  1.13648e-02  5.51360e-02  5.84588e-02
5.937843795e-01  6.0940132e-02  1.12732e-02  5.51360e-02  6.09401e-02
5.980256965e-01  6.7002240e-02  1.14971e-02  5.51360e-02  6.70022e-02
6.022973086e-01  7.4249840e-02  1.18638e-02  5.51360e-02  7.42498e-02
6.065994323e-01  7.6000979e-02  1.18571e-02  5.51360e-02  7.60010e-02
6.109322854e-01  7.7026580e-02  1.20335e-02  5.51360e-02  7.70266e-02
6.152960874e-01  7.7741905e-02  1.22705e-02  5.51360e-02  7.77419e-02
6.196910595e-01  7.7814915e-02  1.20160e-02  5.51360e-02  7.78149e-02
6.241174242e-01  7.6794354e-02  1.21533e-02  5.51360e-02  7.67944e-02
6.285754058e-01  7.0009107e-02  1.17203e-02  5.51360e-02  7.00091e-02
6.330652301e-01  7.3889769e-02  1.19747e-02  5.51360e-02  7.38898e-02
6.375871246e-01  7.7642679e-02  1.21309e-02  5.51360e-02  7.76427e-02
6.421413183e-01  7.9116238e-02  1.22824e-02  5.51360e-02  7.91162e-02
6.467280420e-01  6.7182413e-02  1.17892e-02  5.51360e-02  6.71824e-02
6.513475281e-01  7.0964862e-02  1.20321e-02  5.51360e-02  7.09649e-02
6.560000104e-01  7.2378888e-02  1.24216e-02  5.51360e-02  7.23789e-02
6.606857248e-01  8.0770786e-02  1.24392e-02  5.51360e-02  8.07708e-02
6.654049085e-01  8.3359999e-02  1.26145e-02  5.51360e-02  8.33600e-02
6.701578007e-01  8.4844666e-02  1.27242e-02  5.51360e-02  8.48447e-02
6.749446422e-01  8.5376006e-02  1.27904e-02  5.51360e-02  8.53760e-02
6.797656753e-01  8.5367196e-02  1.28647e-02  5.51360e-02  8.53672e-02
6.846211444e-01  8.3373291e-02  1.28792e-02  5.51360e-02  8.33733e-02
6.895112954e-01  6.2780354e-02  1.20324e-02  5.51360e-02  6.27804e-02
6.944363761e-01  5.9644957e-02  1.19851e-02  5.51360e-02  5.96450e-02
6.993966360e-01  6.3166060e-02  1.22532e-02  5.51360e-02  6.31661e-02
7.043923262e-01  6.6622283e-02  1.24495e-02  5.51360e-02  6.66223e-02
7.094237000e-01  7.1908840e-02  1.27604e-02  5.51360e-02  7.19088e-02
7.144910121e-01  6.6019444e-02  1.26634e-02  5.51360e-02  6.60194e-02
7.195945193e-01  3.3446574e-02  1.12670e-02  5.51360e-02  3.34466e-02
7.247344802e-01  3.5200331e-02  1.13565e-02  5.51360e-02  3.52003e-02
7.299111551e-01  3.6407607e-02  1.15618e-02  5.51360e-02  3.64076e-02
7.351248062e-01  6.0696483e-02  1.27460e-02  5.51360e-02  6.06965e-02
7.403756976e-01  7.5242038e-02  1.36385e-02  5.51360e-02  7.52420e-02
7.456640955e-01  8.4568499e-02  1.40191e-02  5.51360e-02  8.45685e-02
7.509902676e-01  8.6236034e-02  1.42244e-02  5.51360e-02  8.62360e-02
7.563544838e-01  8.5710619e-02  1.42849e-02  5.51360e-02  8.57106e-02
7.617570158e-01  1.9140655e-02  1.11857e-02  5.51360e-02  1.91407e-02
7.671981374e-01  6.5357742e-02  1.37011e-02  5.51360e-02  6.53577e-02
7.726781241e-01  8.5979142e-02  1.47796e-02  5.51360e-02  8.59791e-02
7.781972535e-01  8.6789403e-02  1.48515e-02  5.51360e-02  8.67894e-02
7.837558053e-01  8.4600214e-02  1.49508e-02  5.51360e-02  8.46002e-02
7.893540611e-01  6.9486811e-02  1.44089e-02  5.51360e-02  6.94868e-02
7.949923044e-01  7.2661502e-02  1.48056e-02  5.51360e-02  7.26615e-02
8.006708208e-01  6.3864058e-02  1.44405e-02  5.51360e-02  6.38641e-02
8.063898981e-01  7.0316948e-02  1.48585e-02  5.51360e-02  7.03169e-02
8.121498260e-01  4.5880624e-02  1.36789e-02  5.51360e-02  4.58806e-02
8.179508961e-01  3.0314419e-02  1.29962e-02  5.51360e-02  3.03144e-02
8.237934025e-01  4.1494788e-02  1.36703e-02  5.51360e-02  4.14948e-02
8.296776411e-01  4.2025137e-02  1.37141e-02  5.51360e-02  4.20251e-02
8.356039100e-01  5.7605640e-02  1.46584e-02  5.51360e-02  5.76056e-02
8.415725094e-01  7.2087006e-02  1.54459e-02  5.51360e-02  7.20870e-02
8.475837416e-01  8.0234686e-02  1.58436e-02  5.51360e-02  8.02347e-02
8.536379112e-01  8.0169255e-02  1.59742e-02  5.51360e-02  8.01693e-02
8.597353248e-01  8.4607081e-02  1.55067e-02  5.51360e-02  8.46071e-02
8.658762914e-01  8.6435970e-02  1.57557e-02  5.51360e-02  8.64360e-02
8.720611221e-01  8.6447318e-02  1.52310e-02  5.51360e-02  8.64473e-02
8.782901301e-01  8.4826854e-02  1.50122e-02  5.51360e-02  8.48269e-02
8.845636310e-01  8.0380335e-02  1.46563e-02  5.51360e-02  8.03803e-02
8.908819427e-01  7.3783445e-02  1.40928e-02  5.51360e-02  7.37834e-02
8.972453851e-01  2.7396915e-02  1.18654e-02  5.51360e-02  2.73969e-02
9.036542807e-01  3.4109892e-02  1.21323e-02  5.51360e-02  3.41099e-02
9.101089541e-01  2.2362579e-02  1.14136e-02  5.51360e-02  2.23626e-02
9.166097324e-01  2.1136966e-02  1.11496e-02  5.51360e-02  2.11370e-02
9.231569448e-01  2.9709047e-02  1.16084e-02  5.51360e-02  2.97090e-02
9.297509229e-01  6.1364163e-03  1.01742e-02  5.51360e-02  6.13642e-03
9.363920010e-01  1.8913611e-03  9.85904e-03  5.51360e-02  1.89136e-03
9.430805153e-01  2.3098854e-03  9.86429e-03  5.51360e-02  2.30989e-03
9.498168046e-01  2.3709431e-03  9.67062e-03  5.51360e-02  2.37094e-03
9.566012104e-01  4.7150114e-03  9.77106e-03  5.51360e-02  4.71501e-03
9.634340762e-01  8.3611584e-03  9.81974e-03  5.51360e-02  8.36116e-03
9.703157482e-01  2.9855670e-02  1.06287e-02  5.51360e-02  2.98557e-02
9.772465749e-01  2.6378168e-02  1.04079e-02  5.51360e-02  2.63782e-02
9.842269076e-01  4.8386793e-02  1.11492e-02  5.51360e-02  4.83868e-02
9.912570998e-01  6.8753333e-02  1.17841e-02  5.51360e-02  6.87533e-02
9.983375077e-01  7.7857614e-02  1.20212e-02  5.51360e-02  7.78576e-02
